# generated by py/1D/study/study/convergence.sh
# columns:  case J m cycles err
# where:
#   case= {0: icelike,
#          1: traditional,
#          2: pde2}
#   m=2^{J+1}-1  (and h=1/(m+1))
#   err=|u-uexact|_2

0  2     7 23 4.8997e-02
0  3    15 23 2.6793e-02
0  4    31 41 4.8435e-03
0  5    63 39 9.8377e-03
0  6   127 58 1.6172e-03
0  7   255 56 2.2561e-03
0  8   511 69 3.7742e-04
0  9  1023 69 5.7662e-04
0 10  2047 80 9.6016e-05
0 11  4095 78 1.4337e-04
0 12  8191 89 2.3900e-05
0 13 16383 89 3.5891e-05
0 14 32767 99 5.9815e-06
1  2     7 12 5.8231e-03
1  3    15 20 2.0485e-03
1  4    31 31 4.3550e-04
1  5    63 32 1.1826e-04
1  6   127 44 2.8384e-05
1  7   255 41 7.2444e-06
1  8   511 51 1.7941e-06
1  9  1023 48 4.5170e-07
1 10  2047 57 1.1308e-07
1 11  4095 54 2.8832e-08
1 12  8191 62 7.3249e-09
1 13 16383 60 2.0552e-09
1 14 32767 65 6.0838e-10
2  2     7  9 3.8694e+01
2  3    15 14 1.1999e+01
2  4    31 14 2.9705e+00
2  5    63 16 1.2332e+00
2  6   127 17 3.5131e-01
2  7   255 19 9.0794e-02
2  8   511 20 2.2889e-02
2  9  1023 20 5.7341e-03
2 10  2047 21 1.4343e-03
2 11  4095 21 3.5862e-04
2 12  8191 22 8.9657e-05
2 13 16383 23 2.2415e-05
2 14 32767 23 5.6037e-06
