# see py/1D/study/perfni.sh which generated this
# columns:  solver J m WU error
# where:
#    solver: 0 = tight tolerance to give discretization error
#            1 = F-cycle (-ni -cyclemax 1 -down 1 -up 1)
#            2 = F-cycle (-ni -nicycles 2 -cyclemax 1 -down 1 -up 1)
#    m = 2^{J+1} - 1  (and h = 1/(m+1))

0  2     7   35.750  5.8231e-03
0  3    15   61.625  2.0485e-03
0  4    31   80.062  4.3550e-04
0  5    63   85.938  1.1826e-04
0  6   127  106.734  2.8385e-05
0  7   255  103.391  7.2443e-06
0  8   511  119.648  1.7947e-06
0  9  1023  111.836  4.5239e-07
0 10  2047  127.906  1.1360e-07
0 11  4095  123.955  2.9054e-08
0 12  8191  135.975  7.5953e-09

1  2     7    4.750  1.0518e-02
1  3    15    6.000  3.9392e-03
1  4    31    6.812  1.7576e-03
1  5    63    7.312  7.9535e-04
1  6   127    7.609  3.9155e-04
1  7   255    7.781  2.0384e-04
1  8   511    7.879  1.0945e-04
1  9  1023    7.934  6.0486e-05
1 10  2047    7.964  3.4297e-05
1 11  4095    7.980  1.9865e-05
1 12  8191    7.990  1.1718e-05

2  2     7    9.500  6.9226e-03
2  3    15   12.000  2.3428e-03
2  4    31   13.625  8.0682e-04
2  5    63   14.625  2.6610e-04
2  6   127   15.219  1.0348e-04
2  7   255   15.562  3.9231e-05
2  8   511   15.758  1.5650e-05
2  9  1023   15.867  6.4332e-06
2 10  2047   15.928  2.6871e-06
2 11  4095   15.961  1.1527e-06
2 12  8191   15.979  5.0098e-07
