# see py/1D/study/performance.sh which generated this
# columns:  solver J m cycles WU time
# where:
#    solver: 0 = V(1,0)
#            1 = V(0,1)
#            2 = V(1,1)
#            3 = V(0,2)
#            4 = V(0,2)-Jacobi0.67
#    m = 2^{J+1} - 1  (and h = 1/(m+1))

0  6   127  26  51.594   0.50
0  7   255  25  49.805   0.54
0  8   511  32  63.875   0.68
0  9  1023  32  63.938   0.92
0 10  2047  39  77.962   1.59
0 11  4095  38  75.981   2.63
0 12  8191  44  87.989   5.52
0 13 16383  45  89.995  10.93
0 14 32767  52 103.997  24.62
0 15 65535  51 101.998  47.23

1  6   127  20  39.688   0.47
1  7   255  19  37.852   0.52
1  8   511  24  47.906   0.63
1  9  1023  23  45.955   0.80
1 10  2047  30  59.971   1.32
1 11  4095  29  57.986   2.15
1 12  8191  33  65.992   4.23
1 13 16383  32  63.996   7.85
1 14 32767  39  77.998  18.35
1 15 65535  37  73.999  34.48

2  6   127  14  55.344   0.48
2  7   255  13  51.695   0.50
2  8   511  16  63.812   0.61
2  9  1023  16  63.906   0.78
2 10  2047  19  75.944   1.22
2 11  4095  19  75.972   1.95
2 12  8191  21  83.985   3.79
2 13 16383  21  83.992   7.37
2 14 32767  24  95.996  15.89
2 15 65535  24  95.998  31.81

3  6   127  15  59.297   0.49
3  7   255  14  55.672   0.49
3  8   511  17  67.801   0.61
3  9  1023  16  63.906   0.77
3 10  2047  21  83.938   1.28
3 11  4095  20  79.971   2.07
3 12  8191  20  79.985   3.64
3 13 16383  22  87.992   7.54
3 14 32767  27 107.995  17.52
3 15 65535  25  99.998  32.40

4  6   127  26 102.781   0.52
4  7   255  25  99.414   0.55
4  8   511  30 119.648   0.79
4  9  1023  30 119.824   1.06
4 10  2047  38 151.889   2.02
4 11  4095  37 147.946   3.67
4 12  8191  41 163.970   7.25
4 13 16383  41 163.985  14.00
4 14 32767  49 195.991  34.11
4 15 65535  47 187.996  64.02
