#Title=Bedrock Topography from Greenland 1 km Data Set
#Legend=(t, y) = (0, -2.3e+06)
#x (meters)	topg (meters)
-800000.000000	-309.956268
-799000.000000	-310.857239
-798000.000000	-312.578827
-797000.000000	-314.412079
-796000.000000	-316.109192
-795000.000000	-317.440399
-794000.000000	-317.751617
-793000.000000	-316.444763
-792000.000000	-313.906403
-791000.000000	-310.750519
-790000.000000	-308.623199
-789000.000000	-307.157227
-788000.000000	-305.793060
-787000.000000	-305.402008
-786000.000000	-306.185577
-785000.000000	-307.563507
-784000.000000	-309.333710
-783000.000000	-315.468689
-782000.000000	-325.058289
-781000.000000	-326.936554
-780000.000000	-322.335632
-779000.000000	-318.980347
-778000.000000	-317.093719
-777000.000000	-316.283508
-776000.000000	-312.852448
-775000.000000	-307.775299
-774000.000000	-303.222290
-773000.000000	-302.058228
-772000.000000	-302.164886
-771000.000000	-302.143127
-770000.000000	-301.759308
-769000.000000	-301.805084
-768000.000000	-301.536804
-767000.000000	-301.093933
-766000.000000	-300.312500
-765000.000000	-298.574615
-764000.000000	-297.138367
-763000.000000	-297.724854
-762000.000000	-299.216553
-761000.000000	-300.115112
-760000.000000	-300.110596
-759000.000000	-299.885864
-758000.000000	-299.074646
-757000.000000	-297.590332
-756000.000000	-294.368408
-755000.000000	-283.040497
-754000.000000	-271.100739
-753000.000000	-267.498718
-752000.000000	-266.865509
-751000.000000	-265.742645
-750000.000000	-262.967163
-749000.000000	-258.807678
-748000.000000	-254.599960
-747000.000000	-251.602936
-746000.000000	-249.565414
-745000.000000	-247.540451
-744000.000000	-243.354828
-743000.000000	-237.614944
-742000.000000	-229.134491
-741000.000000	-221.130600
-740000.000000	-214.004395
-739000.000000	-207.915161
-738000.000000	-203.825073
-737000.000000	-201.087387
-736000.000000	-198.559753
-735000.000000	-194.651566
-734000.000000	-190.206650
-733000.000000	-186.132736
-732000.000000	-184.737396
-731000.000000	-185.957932
-730000.000000	-188.837173
-729000.000000	-189.732574
-728000.000000	-186.530685
-727000.000000	-180.927338
-726000.000000	-174.781982
-725000.000000	-168.716812
-724000.000000	-162.840195
-723000.000000	-160.131424
-722000.000000	-156.891754
-721000.000000	-154.135620
-720000.000000	-152.700867
-719000.000000	-153.087204
-718000.000000	-152.689835
-717000.000000	-154.211334
-716000.000000	-156.857056
-715000.000000	-159.666229
-714000.000000	-161.687347
-713000.000000	-163.525955
-712000.000000	-164.223541
-711000.000000	-164.463684
-710000.000000	-163.886414
-709000.000000	-162.705063
-708000.000000	-160.994965
-707000.000000	-159.262238
-706000.000000	-156.071274
-705000.000000	-153.392319
-704000.000000	-148.763901
-703000.000000	-144.333878
-702000.000000	-139.605957
-701000.000000	-135.760437
-700000.000000	-133.505554
-699000.000000	-131.289825
-698000.000000	-131.530716
-697000.000000	-132.033203
-696000.000000	-131.816193
-695000.000000	-131.986008
-694000.000000	-133.055191
-693000.000000	-134.598648
-692000.000000	-136.564316
-691000.000000	-139.405426
-690000.000000	-141.306610
-689000.000000	-147.755737
-688000.000000	-156.533340
-687000.000000	-160.287643
-686000.000000	-154.169830
-685000.000000	-145.867371
-684000.000000	-141.144440
-683000.000000	-140.121765
-682000.000000	-141.693619
-681000.000000	-141.619522
-680000.000000	-139.859619
-679000.000000	-138.924942
-678000.000000	-142.370438
-677000.000000	-146.848587
-676000.000000	-151.963440
-675000.000000	-158.643188
-674000.000000	-166.079285
-673000.000000	-171.015030
-672000.000000	-168.110260
-671000.000000	-162.248856
-670000.000000	-154.075836
-669000.000000	-149.362167
-668000.000000	-148.085419
-667000.000000	-150.382187
-666000.000000	-150.787720
-665000.000000	-150.982895
-664000.000000	-158.048737
-663000.000000	-172.621384
-662000.000000	-189.325516
-661000.000000	-196.408203
-660000.000000	-196.486359
-659000.000000	-197.464294
-658000.000000	-202.310318
-657000.000000	-209.216354
-656000.000000	-220.698227
-655000.000000	-233.582733
-654000.000000	-241.296265
-653000.000000	-249.148010
-652000.000000	-261.401489
-651000.000000	-279.415894
-650000.000000	-299.346771
-649000.000000	-315.360687
-648000.000000	-326.068420
-647000.000000	-335.530609
-646000.000000	-344.063599
-645000.000000	-340.313934
-644000.000000	-325.661102
-643000.000000	-305.632599
-642000.000000	-281.477783
-641000.000000	-260.392975
-640000.000000	-245.972961
-639000.000000	-230.432480
-638000.000000	-219.493912
-637000.000000	-213.754150
-636000.000000	-211.183487
-635000.000000	-216.486298
-634000.000000	-236.634064
-633000.000000	-265.251709
-632000.000000	-282.570129
-631000.000000	-285.543488
-630000.000000	-291.760101
-629000.000000	-298.408325
-628000.000000	-319.175354
-627000.000000	-349.975769
-626000.000000	-382.432953
-625000.000000	-397.666901
-624000.000000	-405.449982
-623000.000000	-409.743073
-622000.000000	-411.004547
-621000.000000	-409.578400
-620000.000000	-405.416840
-619000.000000	-401.929474
-618000.000000	-402.013519
-617000.000000	-400.657379
-616000.000000	-398.089569
-615000.000000	-393.651794
-614000.000000	-377.197601
-613000.000000	-337.361542
-612000.000000	-282.802979
-611000.000000	-233.100113
-610000.000000	-206.977341
-609000.000000	-199.869644
-608000.000000	-191.973419
-607000.000000	-179.582657
-606000.000000	-160.246185
-605000.000000	-142.969742
-604000.000000	-129.211151
-603000.000000	-139.145493
-602000.000000	-145.444534
-601000.000000	-130.100357
-600000.000000	-97.477097
-599000.000000	-61.344276
-598000.000000	-29.723146
-597000.000000	4.285746
-596000.000000	49.375164
-595000.000000	77.903931
-594000.000000	55.882595
-593000.000000	18.100645
-592000.000000	-5.210408
-591000.000000	-6.469332
-590000.000000	-6.129145
-589000.000000	-3.966167
-588000.000000	-1.272604
-587000.000000	-1.611011
-586000.000000	-2.023369
-585000.000000	-1.215242
-584000.000000	0.748667
-583000.000000	6.534500
-582000.000000	34.642017
-581000.000000	73.448624
-580000.000000	100.104874
-579000.000000	104.330467
-578000.000000	101.952972
-577000.000000	99.633659
-576000.000000	98.415771
-575000.000000	96.399757
-574000.000000	92.502068
-573000.000000	90.155403
-572000.000000	94.315994
-571000.000000	106.523705
-570000.000000	114.896454
-569000.000000	78.948914
-568000.000000	32.150074
-567000.000000	-0.932741
-566000.000000	-4.929529
-565000.000000	-4.120835
-564000.000000	-1.380051
-563000.000000	3.989168
-562000.000000	39.557156
-561000.000000	84.382118
-560000.000000	110.201111
-559000.000000	86.177002
-558000.000000	37.778473
-557000.000000	-5.302101
-556000.000000	-3.104759
-555000.000000	-2.026088
-554000.000000	1.953068
-553000.000000	10.875971
-552000.000000	49.447945
-551000.000000	94.839821
-550000.000000	133.489212
-549000.000000	162.125778
-548000.000000	186.226913
-547000.000000	207.703827
-546000.000000	227.521622
-545000.000000	245.691681
-544000.000000	261.539032
-543000.000000	274.998444
-542000.000000	288.454895
-541000.000000	302.387817
-540000.000000	312.099152
-539000.000000	308.770752
-538000.000000	300.782288
-537000.000000	293.715332
-536000.000000	287.760437
-535000.000000	279.003143
-534000.000000	264.661591
-533000.000000	250.530487
-532000.000000	235.631790
-531000.000000	215.326141
-530000.000000	182.803940
-529000.000000	126.019661
-528000.000000	50.141991
-527000.000000	-5.861495
-526000.000000	-7.885493
-525000.000000	-8.246866
-524000.000000	-3.634856
-523000.000000	-1.752134
-522000.000000	0.363752
-521000.000000	-2.732203
-520000.000000	-8.006900
-519000.000000	-11.540683
-518000.000000	-14.458638
-517000.000000	-15.793897
-516000.000000	-16.674202
-515000.000000	-17.683620
-514000.000000	-16.508305
-513000.000000	-11.266045
-512000.000000	-4.507841
-511000.000000	-2.902060
-510000.000000	-3.237646
-509000.000000	-1.990571
-508000.000000	-5.679164
-507000.000000	28.171659
-506000.000000	73.180473
-505000.000000	95.097977
-504000.000000	71.119438
-503000.000000	26.297720
-502000.000000	-6.580410
-501000.000000	-9.676266
-500000.000000	-12.575402
-499000.000000	-11.840546
-498000.000000	-11.270642
-497000.000000	-8.791845
-496000.000000	-6.158791
-495000.000000	-3.518767
-494000.000000	-0.503712
-493000.000000	-0.732438
-492000.000000	62.476757
-491000.000000	157.105942
-490000.000000	222.295090
-489000.000000	237.586411
-488000.000000	233.048126
-487000.000000	224.122818
-486000.000000	216.997131
-485000.000000	213.398865
-484000.000000	202.852554
-483000.000000	194.552689
-482000.000000	194.041534
-481000.000000	200.842209
-480000.000000	212.897705
-479000.000000	228.039108
-478000.000000	240.900558
-477000.000000	250.453079
-476000.000000	256.846558
-475000.000000	261.094391
-474000.000000	265.113037
-473000.000000	266.787750
-472000.000000	265.952637
-471000.000000	263.234009
-470000.000000	263.903900
-469000.000000	279.748779
-468000.000000	298.886719
-467000.000000	315.416779
-466000.000000	328.373779
-465000.000000	336.801453
-464000.000000	340.438385
-463000.000000	339.296936
-462000.000000	334.567413
-461000.000000	327.372314
-460000.000000	319.599243
-459000.000000	313.914246
-458000.000000	307.719543
-457000.000000	300.652008
-456000.000000	292.851562
-455000.000000	285.400757
-454000.000000	281.332520
-453000.000000	278.308380
-452000.000000	274.894989
-451000.000000	270.315918
-450000.000000	262.704529
-449000.000000	249.909088
-448000.000000	233.979080
-447000.000000	217.776794
-446000.000000	202.743027
-445000.000000	190.966568
-444000.000000	182.165939
-443000.000000	176.318970
-442000.000000	171.556702
-441000.000000	166.908554
-440000.000000	163.159042
-439000.000000	162.507706
-438000.000000	175.419174
-437000.000000	195.715164
-436000.000000	206.226852
-435000.000000	201.384155
-434000.000000	183.651474
-433000.000000	159.324951
-432000.000000	112.319328
-431000.000000	92.977715
-430000.000000	74.153633
-429000.000000	33.696873
-428000.000000	-50.135742
-427000.000000	-52.592388
-426000.000000	-61.980221
-425000.000000	-20.062689
-424000.000000	37.108574
-423000.000000	79.373924
-422000.000000	89.127136
-421000.000000	109.942566
-420000.000000	124.664909
-419000.000000	170.663330
-418000.000000	189.501663
-417000.000000	206.119980
-416000.000000	217.946533
-415000.000000	227.802094
-414000.000000	202.493942
-413000.000000	180.064392
-412000.000000	207.455429
-411000.000000	243.003662
-410000.000000	233.557755
-409000.000000	174.858643
-408000.000000	117.970543
-407000.000000	110.837112
-406000.000000	128.528656
-405000.000000	152.078339
-404000.000000	94.014709
-403000.000000	6.721332
-402000.000000	-24.135889
-401000.000000	-21.634365
-400000.000000	9.270564
-399000.000000	3.451474
-398000.000000	-35.327221
-397000.000000	-43.656830
-396000.000000	-7.085924
-395000.000000	23.699375
-394000.000000	-22.116629
-393000.000000	-16.148325
-392000.000000	-32.632267
-391000.000000	-72.734184
-390000.000000	-120.857620
-389000.000000	-125.917061
-388000.000000	-141.251633
-387000.000000	-161.109024
-386000.000000	-246.283340
-385000.000000	-289.218201
-384000.000000	-217.729813
-383000.000000	-168.498123
-382000.000000	-196.278610
-381000.000000	-184.786514
-380000.000000	-110.702911
-379000.000000	54.942406
-378000.000000	118.892166
-377000.000000	202.843658
-376000.000000	278.634888
-375000.000000	291.460632
-374000.000000	309.444336
-373000.000000	232.400620
-372000.000000	239.096298
-371000.000000	183.631454
-370000.000000	137.063156
-369000.000000	98.892090
-368000.000000	190.120270
-367000.000000	207.697983
-366000.000000	273.328766
-365000.000000	360.024200
-364000.000000	373.149597
-363000.000000	346.587830
-362000.000000	179.956680
-361000.000000	63.401436
-360000.000000	-0.805486
-359000.000000	-141.424805
-358000.000000	-248.619431
-357000.000000	-250.227966
-356000.000000	-197.094894
-355000.000000	-148.160522
-354000.000000	-98.105156
-353000.000000	-74.593201
-352000.000000	-36.191257
-351000.000000	-40.615147
-350000.000000	-94.176903
-349000.000000	-79.537346
-348000.000000	-46.980595
-347000.000000	-10.409521
-346000.000000	24.752319
-345000.000000	53.496010
-344000.000000	73.580185
-343000.000000	87.035469
-342000.000000	96.149490
-341000.000000	102.360695
-340000.000000	107.701675
-339000.000000	114.682678
-338000.000000	119.795990
-337000.000000	123.279121
-336000.000000	125.446594
-335000.000000	126.700035
-334000.000000	127.903419
-333000.000000	128.057220
-332000.000000	127.540039
-331000.000000	126.578651
-330000.000000	125.499672
-329000.000000	124.726654
-328000.000000	123.825592
-327000.000000	122.907341
-326000.000000	122.040039
-325000.000000	121.399033
-324000.000000	121.078812
-323000.000000	120.987617
-322000.000000	121.071899
-321000.000000	121.315422
-320000.000000	121.699417
-319000.000000	121.060814
-318000.000000	120.661041
-317000.000000	121.012596
-316000.000000	122.269470
-315000.000000	125.200249
-314000.000000	132.146820
-313000.000000	140.809189
-312000.000000	150.083160
-311000.000000	159.459061
-310000.000000	167.798660
-309000.000000	175.018112
-308000.000000	181.164795
-307000.000000	186.183777
-306000.000000	189.954651
-305000.000000	191.398773
-304000.000000	188.542877
-303000.000000	182.878311
-302000.000000	176.878677
-301000.000000	171.744583
-300000.000000	168.100067
-299000.000000	166.585419
-298000.000000	166.592682
-297000.000000	168.050095
-296000.000000	169.930954
-295000.000000	168.797668
-294000.000000	160.617264
-293000.000000	149.743057
-292000.000000	138.751709
-291000.000000	128.030624
-290000.000000	116.800575
-289000.000000	101.944580
-288000.000000	86.168861
-287000.000000	71.794281
-286000.000000	59.657036
-285000.000000	50.098061
-284000.000000	41.508423
-283000.000000	35.480453
-282000.000000	32.588154
-281000.000000	32.595001
-280000.000000	34.899792
-279000.000000	37.382450
-278000.000000	42.395248
-277000.000000	49.789433
-276000.000000	59.260460
-275000.000000	70.003288
-274000.000000	79.766685
-273000.000000	90.777130
-272000.000000	103.596107
-271000.000000	118.248672
-270000.000000	134.104126
-269000.000000	151.075531
-268000.000000	169.631973
-267000.000000	189.224182
-266000.000000	208.851120
-265000.000000	225.505325
-264000.000000	236.646332
-263000.000000	245.725937
-262000.000000	253.978012
-261000.000000	260.741211
-260000.000000	262.797363
-259000.000000	256.587463
-258000.000000	245.464798
-257000.000000	232.763702
-256000.000000	219.495346
-255000.000000	206.097549
-254000.000000	192.295502
-253000.000000	177.564423
-252000.000000	162.627151
-251000.000000	147.684174
-250000.000000	132.694885
-249000.000000	116.548538
-248000.000000	100.219231
-247000.000000	84.716583
-246000.000000	70.500648
-245000.000000	57.792435
-244000.000000	45.781689
-243000.000000	35.269165
-242000.000000	26.487516
-241000.000000	19.286217
-240000.000000	13.202957
-239000.000000	6.849626
-238000.000000	1.727342
-237000.000000	-2.211618
-236000.000000	-5.136555
-235000.000000	-7.396781
-234000.000000	-9.251759
-233000.000000	-10.365241
-232000.000000	-11.223063
-231000.000000	-12.174995
-230000.000000	-13.902820
-229000.000000	-17.365185
-228000.000000	-21.555056
-227000.000000	-26.137714
-226000.000000	-30.976004
-225000.000000	-35.800575
-224000.000000	-40.287472
-223000.000000	-44.758194
-222000.000000	-49.188782
-221000.000000	-53.531818
-220000.000000	-57.702057
-219000.000000	-61.780151
-218000.000000	-65.721397
-217000.000000	-69.551628
-216000.000000	-73.280502
-215000.000000	-77.000313
-214000.000000	-81.305443
-213000.000000	-85.628746
-212000.000000	-89.708237
-211000.000000	-93.451462
-210000.000000	-96.802216
-209000.000000	-100.338554
-208000.000000	-103.459099
-207000.000000	-105.903030
-206000.000000	-107.613480
-205000.000000	-108.501968
-204000.000000	-108.731865
-203000.000000	-108.117050
-202000.000000	-106.762077
-201000.000000	-104.747345
-200000.000000	-102.298302
-199000.000000	-100.100815
-198000.000000	-97.461533
-197000.000000	-94.372536
-196000.000000	-90.860550
-195000.000000	-86.998230
-194000.000000	-83.177986
-193000.000000	-79.010605
-192000.000000	-74.473633
-191000.000000	-69.574013
-190000.000000	-64.401131
-189000.000000	-59.057812
-188000.000000	-53.460758
-187000.000000	-47.645195
-186000.000000	-41.712879
-185000.000000	-35.998653
-184000.000000	-29.910528
-183000.000000	-23.929115
-182000.000000	-18.506525
-181000.000000	-13.966006
-180000.000000	-10.697961
-179000.000000	-8.142880
-178000.000000	-6.804354
-177000.000000	-6.727115
-176000.000000	-7.861679
-175000.000000	-10.100362
-174000.000000	-13.391177
-173000.000000	-17.904024
-172000.000000	-22.951982
-171000.000000	-28.059685
-170000.000000	-32.601463
-169000.000000	-35.603489
-168000.000000	-38.109940
-167000.000000	-40.442837
-166000.000000	-42.822468
-165000.000000	-45.600422
-164000.000000	-48.527687
-163000.000000	-51.676403
-162000.000000	-55.620903
-161000.000000	-60.756561
-160000.000000	-67.508316
-159000.000000	-76.967270
-158000.000000	-88.115509
-157000.000000	-99.668594
-156000.000000	-110.824661
-155000.000000	-120.303215
-154000.000000	-124.658470
-153000.000000	-126.702469
-152000.000000	-128.882751
-151000.000000	-132.917252
-150000.000000	-141.694946
-149000.000000	-159.172348
-148000.000000	-182.273087
-147000.000000	-207.976181
-146000.000000	-233.723679
-145000.000000	-250.296188
-144000.000000	-245.117020
-143000.000000	-231.258057
-142000.000000	-216.402832
-141000.000000	-201.964279
-140000.000000	-187.906799
-139000.000000	-171.516281
-138000.000000	-154.280411
-137000.000000	-137.715134
-136000.000000	-122.490532
-135000.000000	-109.806274
-134000.000000	-100.229004
-133000.000000	-93.189407
-132000.000000	-88.040001
-131000.000000	-84.359245
-130000.000000	-81.895050
-129000.000000	-82.580345
-128000.000000	-85.074356
-127000.000000	-87.082870
-126000.000000	-87.300453
-125000.000000	-84.097336
-124000.000000	-75.691795
-123000.000000	-63.870674
-122000.000000	-50.135048
-121000.000000	-35.688015
-120000.000000	-22.093620
-119000.000000	-9.309213
-118000.000000	3.110834
-117000.000000	14.134966
-116000.000000	23.250336
-115000.000000	30.000725
-114000.000000	35.271500
-113000.000000	38.183426
-112000.000000	38.900166
-111000.000000	37.765873
-110000.000000	35.500935
-109000.000000	33.404942
-108000.000000	30.010029
-107000.000000	25.680120
-106000.000000	20.751732
-105000.000000	15.803543
-104000.000000	11.412829
-103000.000000	6.894290
-102000.000000	2.505228
-101000.000000	-1.601800
-100000.000000	-5.304700
-99000.000000	-8.855213
-98000.000000	-12.064588
-97000.000000	-14.644002
-96000.000000	-16.515408
-95000.000000	-17.700457
-94000.000000	-18.545671
-93000.000000	-18.706022
-92000.000000	-18.173977
-91000.000000	-16.985344
-90000.000000	-15.299518
-89000.000000	-13.683352
-88000.000000	-11.552922
-87000.000000	-8.976668
-86000.000000	-6.039489
-85000.000000	-2.895427
-84000.000000	0.139172
-83000.000000	3.377027
-82000.000000	6.836654
-81000.000000	10.515056
-80000.000000	14.301240
-79000.000000	18.230303
-78000.000000	22.280216
-77000.000000	26.285158
-76000.000000	30.100801
-75000.000000	33.502819
-74000.000000	36.299786
-73000.000000	38.737755
-72000.000000	40.871258
-71000.000000	42.753250
-70000.000000	44.601391
-69000.000000	46.697517
-68000.000000	48.747829
-67000.000000	50.721161
-66000.000000	52.672337
-65000.000000	54.700459
-64000.000000	56.528931
-63000.000000	58.394478
-62000.000000	60.456757
-61000.000000	62.792286
-60000.000000	65.499573
-59000.000000	68.390213
-58000.000000	71.642845
-57000.000000	75.363976
-56000.000000	79.551208
-55000.000000	84.102951
-54000.000000	89.234276
-53000.000000	94.767120
-52000.000000	100.483986
-51000.000000	106.164207
-50000.000000	111.400795
-49000.000000	117.307236
-48000.000000	122.949661
-47000.000000	127.545555
-46000.000000	130.599136
-45000.000000	131.602570
-44000.000000	131.398407
-43000.000000	129.188660
-42000.000000	125.041595
-41000.000000	119.163597
-40000.000000	111.899376
-39000.000000	104.586243
-38000.000000	95.745293
-37000.000000	85.611275
-36000.000000	74.392181
-35000.000000	62.306553
-34000.000000	49.533653
-33000.000000	35.915432
-32000.000000	21.839535
-31000.000000	7.440885
-30000.000000	-6.295315
-29000.000000	-18.753826
-28000.000000	-31.289621
-27000.000000	-43.279854
-26000.000000	-53.425335
-25000.000000	-59.103443
-24000.000000	-57.799412
-23000.000000	-52.144455
-22000.000000	-44.793747
-21000.000000	-37.000969
-20000.000000	-30.099779
-19000.000000	-25.457546
-18000.000000	-21.057920
-17000.000000	-16.433174
-16000.000000	-11.222550
-15000.000000	-4.496390
-14000.000000	4.807291
-13000.000000	15.627020
-12000.000000	27.186504
-11000.000000	39.176624
-10000.000000	51.200256
-9000.000000	64.021103
-8000.000000	77.265335
-7000.000000	89.949455
-6000.000000	101.403084
-5000.000000	110.202461
-4000.000000	115.275055
-3000.000000	117.691261
-2000.000000	118.521454
-1000.000000	118.191338
0.000000	117.096924
1000.000000	114.113091
2000.000000	109.932510
3000.000000	105.938660
4000.000000	102.931549
5000.000000	102.901733
6000.000000	108.696388
7000.000000	117.578819
8000.000000	127.776825
9000.000000	138.619354
10000.000000	149.492493
11000.000000	160.547195
12000.000000	171.810501
13000.000000	182.346817
14000.000000	191.861832
15000.000000	200.101532
16000.000000	207.333206
17000.000000	213.244843
18000.000000	217.846085
19000.000000	221.285187
20000.000000	224.000153
21000.000000	226.862701
22000.000000	228.887604
23000.000000	230.439240
24000.000000	231.771561
25000.000000	233.201004
26000.000000	235.049957
27000.000000	236.941620
28000.000000	239.031448
29000.000000	241.396866
30000.000000	244.102158
31000.000000	246.943909
32000.000000	250.107880
33000.000000	253.677582
34000.000000	257.658752
35000.000000	262.002777
36000.000000	266.608215
37000.000000	271.614075
38000.000000	276.881714
39000.000000	282.281403
40000.000000	287.601105
41000.000000	292.612793
42000.000000	297.539673
43000.000000	302.432343
44000.000000	307.331940
45000.000000	312.200928
46000.000000	316.978302
47000.000000	321.711792
48000.000000	326.396332
49000.000000	330.999023
50000.000000	335.500671
51000.000000	339.886902
52000.000000	344.237640
53000.000000	348.499817
54000.000000	352.661987
55000.000000	356.901703
56000.000000	361.812012
57000.000000	366.759003
58000.000000	371.476257
59000.000000	375.940826
60000.000000	379.998016
61000.000000	383.149139
62000.000000	385.870270
63000.000000	388.363159
64000.000000	390.651123
65000.000000	392.800293
66000.000000	394.653381
67000.000000	396.407654
68000.000000	398.026428
69000.000000	399.497711
70000.000000	400.798279
71000.000000	401.853943
72000.000000	402.727417
73000.000000	403.476746
74000.000000	404.147522
75000.000000	404.899170
76000.000000	405.843201
77000.000000	406.869537
78000.000000	407.990662
79000.000000	409.259033
80000.000000	410.799652
81000.000000	412.432800
82000.000000	414.282684
83000.000000	416.459686
84000.000000	419.053894
85000.000000	422.099457
86000.000000	424.982086
87000.000000	428.262024
88000.000000	432.178406
89000.000000	436.801453
90000.000000	442.100922
91000.000000	447.438263
92000.000000	453.423462
93000.000000	460.259430
94000.000000	467.974945
95000.000000	476.396637
96000.000000	484.531097
97000.000000	493.379761
98000.000000	503.175140
99000.000000	513.921326
100000.000000	525.506348
101000.000000	538.600525
102000.000000	551.930664
103000.000000	565.430420
104000.000000	579.082947
105000.000000	592.906921
106000.000000	607.761169
107000.000000	622.839600
108000.000000	638.044312
109000.000000	653.312561
110000.000000	668.591980
111000.000000	683.656250
112000.000000	698.699829
113000.000000	713.822876
114000.000000	729.135803
115000.000000	744.803955
116000.000000	763.515137
117000.000000	782.215576
118000.000000	801.342346
119000.000000	821.289001
120000.000000	842.702148
121000.000000	872.874512
122000.000000	904.569397
123000.000000	937.111023
124000.000000	969.651550
125000.000000	1000.210327
126000.000000	1032.141724
127000.000000	1062.941406
128000.000000	1091.156738
129000.000000	1115.254883
130000.000000	1132.807495
131000.000000	1142.984131
132000.000000	1146.441040
133000.000000	1146.794678
134000.000000	1146.387085
135000.000000	1147.498291
136000.000000	1153.770996
137000.000000	1161.255005
138000.000000	1170.188721
139000.000000	1179.694458
140000.000000	1187.607056
141000.000000	1188.759155
142000.000000	1187.444214
143000.000000	1188.901001
144000.000000	1196.606445
145000.000000	1212.104736
146000.000000	1231.991699
147000.000000	1258.882446
148000.000000	1292.444946
149000.000000	1330.557617
150000.000000	1367.705688
151000.000000	1400.372559
152000.000000	1432.509033
153000.000000	1464.242798
154000.000000	1494.077393
155000.000000	1516.709106
156000.000000	1527.525146
157000.000000	1531.382568
158000.000000	1533.013428
159000.000000	1533.563599
160000.000000	1533.100098
161000.000000	1533.330811
162000.000000	1532.578491
163000.000000	1532.847534
164000.000000	1534.402588
165000.000000	1537.386475
166000.000000	1546.694946
167000.000000	1557.858032
168000.000000	1567.041992
169000.000000	1571.414429
170000.000000	1565.596313
171000.000000	1547.889404
172000.000000	1520.180664
173000.000000	1487.132812
174000.000000	1451.016357
175000.000000	1413.400635
176000.000000	1377.307983
177000.000000	1339.138672
178000.000000	1301.012573
179000.000000	1263.692383
180000.000000	1227.789917
181000.000000	1200.476685
182000.000000	1174.590210
183000.000000	1149.514038
184000.000000	1124.857666
185000.000000	1100.300171
186000.000000	1086.974976
187000.000000	1074.172363
188000.000000	1061.576904
189000.000000	1048.942383
190000.000000	1035.996460
191000.000000	1028.344360
192000.000000	1020.344299
193000.000000	1012.322876
194000.000000	1004.577759
195000.000000	997.496216
196000.000000	990.389526
197000.000000	983.830444
198000.000000	977.605347
199000.000000	971.590332
200000.000000	965.702637
201000.000000	966.443604
202000.000000	967.326599
203000.000000	968.413330
204000.000000	969.809082
205000.000000	971.700867
206000.000000	969.597778
207000.000000	968.245056
208000.000000	967.129578
209000.000000	965.730347
210000.000000	963.500671
211000.000000	951.267883
212000.000000	938.530762
213000.000000	926.261597
214000.000000	915.514587
215000.000000	908.995239
216000.000000	909.277710
217000.000000	912.658997
218000.000000	917.957764
219000.000000	925.707764
220000.000000	934.000977
221000.000000	943.307556
222000.000000	952.252441
223000.000000	959.183655
224000.000000	961.206299
225000.000000	951.300781
226000.000000	923.134094
227000.000000	882.127258
228000.000000	836.299500
229000.000000	789.951355
230000.000000	747.898926
231000.000000	713.774109
232000.000000	683.314819
233000.000000	658.200134
234000.000000	639.672852
235000.000000	629.605286
236000.000000	619.137146
237000.000000	617.873718
238000.000000	627.733215
239000.000000	648.986755
240000.000000	681.609192
241000.000000	718.257935
242000.000000	766.984131
243000.000000	825.778564
244000.000000	893.125977
245000.000000	967.209045
246000.000000	1038.395386
247000.000000	1116.812866
248000.000000	1201.362183
249000.000000	1291.326538
250000.000000	1386.208740
251000.000000	1494.710083
252000.000000	1608.215820
253000.000000	1719.192871
254000.000000	1823.638550
255000.000000	1913.492188
256000.000000	1982.888184
257000.000000	2037.206299
258000.000000	2081.346436
259000.000000	2117.296143
260000.000000	2146.909424
261000.000000	2180.240479
262000.000000	2207.248291
263000.000000	2229.601074
264000.000000	2247.606934
265000.000000	2260.705566
266000.000000	2273.854980
267000.000000	2282.103027
268000.000000	2286.385010
269000.000000	2286.620605
270000.000000	2281.699951
271000.000000	2272.161377
272000.000000	2257.217773
273000.000000	2240.046875
274000.000000	2222.058350
275000.000000	2204.798828
276000.000000	2187.871094
277000.000000	2171.583252
278000.000000	2155.728027
279000.000000	2140.209229
280000.000000	2125.003418
281000.000000	2106.917480
282000.000000	2089.482666
283000.000000	2073.304199
284000.000000	2058.872070
285000.000000	2048.101562
286000.000000	2043.469971
287000.000000	2043.045532
288000.000000	2044.515869
289000.000000	2046.521729
290000.000000	2047.103271
291000.000000	2053.673584
292000.000000	2059.015869
293000.000000	2063.566895
294000.000000	2067.556885
295000.000000	2071.101562
296000.000000	2081.362305
297000.000000	2090.734375
298000.000000	2099.766602
299000.000000	2108.892822
300000.000000	2118.606689
301000.000000	2145.904541
302000.000000	2177.629395
303000.000000	2209.607910
304000.000000	2239.463135
305000.000000	2261.187500
306000.000000	2267.641846
307000.000000	2265.897949
308000.000000	2259.867920
309000.000000	2250.632324
310000.000000	2239.378906
311000.000000	2232.783203
312000.000000	2224.479004
313000.000000	2214.769531
314000.000000	2203.604004
315000.000000	2190.299316
316000.000000	2180.135254
317000.000000	2166.491211
318000.000000	2148.572266
319000.000000	2126.621338
320000.000000	2096.339111
321000.000000	2053.377197
322000.000000	2001.804932
323000.000000	1943.163696
324000.000000	1875.956421
325000.000000	1798.370850
326000.000000	1709.564209
327000.000000	1611.436401
328000.000000	1507.613770
329000.000000	1400.436523
330000.000000	1294.517456
331000.000000	1191.528687
332000.000000	1090.198242
333000.000000	992.619995
334000.000000	900.067566
335000.000000	817.268311
336000.000000	738.128723
337000.000000	668.329712
338000.000000	610.278320
339000.000000	566.376160
340000.000000	539.090515
341000.000000	507.954132
342000.000000	492.135986
343000.000000	496.527985
344000.000000	523.486755
345000.000000	574.780090
346000.000000	642.725525
347000.000000	737.203796
348000.000000	848.240784
349000.000000	968.116577
350000.000000	1090.234009
351000.000000	1232.305908
352000.000000	1376.642822
353000.000000	1506.715698
354000.000000	1616.006592
355000.000000	1687.493530
356000.000000	1681.804932
357000.000000	1637.728882
358000.000000	1580.396118
359000.000000	1521.007324
360000.000000	1482.402832
361000.000000	1505.200928
362000.000000	1552.170776
363000.000000	1609.382446
364000.000000	1670.526489
365000.000000	1732.896362
366000.000000	1820.809082
367000.000000	1912.359131
368000.000000	1983.060425
369000.000000	2022.068848
370000.000000	2020.205078
371000.000000	1958.464966
372000.000000	1852.507935
373000.000000	1726.002075
374000.000000	1599.156738
375000.000000	1501.343872
376000.000000	1441.060181
377000.000000	1412.870728
378000.000000	1411.699585
379000.000000	1430.786987
380000.000000	1483.157837
381000.000000	1628.760620
382000.000000	1810.228271
383000.000000	1987.550171
384000.000000	2149.766113
385000.000000	2277.348877
386000.000000	2327.817383
387000.000000	2335.877686
388000.000000	2323.093506
389000.000000	2303.997314
390000.000000	2296.048828
391000.000000	2353.520020
392000.000000	2419.057861
393000.000000	2475.573730
394000.000000	2510.365723
395000.000000	2494.214111
396000.000000	2360.246826
397000.000000	2178.649414
398000.000000	1987.909302
399000.000000	1805.353516
400000.000000	1668.605469
401000.000000	1655.193848
402000.000000	1686.274170
403000.000000	1736.546387
404000.000000	1796.429199
405000.000000	1837.097046
406000.000000	1799.690552
407000.000000	1742.563477
408000.000000	1678.709351
409000.000000	1608.601562
410000.000000	1538.096436
411000.000000	1491.679688
412000.000000	1447.474976
413000.000000	1403.254150
414000.000000	1360.283813
415000.000000	1319.796143
416000.000000	1260.403687
417000.000000	1202.070190
418000.000000	1150.034546
419000.000000	1107.471313
420000.000000	1079.812012
421000.000000	1062.264282
422000.000000	1059.834595
423000.000000	1072.414307
424000.000000	1099.547119
425000.000000	1140.581543
426000.000000	1219.464355
427000.000000	1314.088623
428000.000000	1401.184814
429000.000000	1466.316650
430000.000000	1488.598633
431000.000000	1438.547119
432000.000000	1348.394043
433000.000000	1235.606445
434000.000000	1111.770752
435000.000000	1004.693909
436000.000000	965.619995
437000.000000	939.123352
438000.000000	916.176880
439000.000000	897.977539
440000.000000	875.805664
441000.000000	784.410828
442000.000000	685.061401
443000.000000	605.329224
444000.000000	557.136658
445000.000000	560.102600
446000.000000	675.753113
447000.000000	845.149109
448000.000000	1025.130737
449000.000000	1188.237671
450000.000000	1285.936890
451000.000000	1231.931030
452000.000000	1113.698975
453000.000000	973.096985
454000.000000	833.406860
455000.000000	733.872009
456000.000000	750.611328
457000.000000	804.734985
458000.000000	870.375793
459000.000000	934.337830
460000.000000	964.206787
461000.000000	891.351196
462000.000000	786.483459
463000.000000	672.625854
464000.000000	555.611450
465000.000000	454.617065
466000.000000	420.215576
467000.000000	403.845184
468000.000000	393.160706
469000.000000	385.506805
470000.000000	371.190826
471000.000000	324.003632
472000.000000	274.532166
473000.000000	221.614090
474000.000000	159.982086
475000.000000	103.127037
476000.000000	96.929329
477000.000000	104.964661
478000.000000	113.575829
479000.000000	121.609238
480000.000000	130.006546
481000.000000	141.764374
482000.000000	161.311996
483000.000000	176.794708
484000.000000	177.457733
485000.000000	154.572861
486000.000000	104.762352
487000.000000	33.355671
488000.000000	-27.018688
489000.000000	-61.688343
490000.000000	-91.632271
491000.000000	-117.291794
492000.000000	-137.217804
493000.000000	-151.612228
494000.000000	-164.488251
495000.000000	-175.782120
496000.000000	-183.674530
497000.000000	-186.372940
498000.000000	-181.173279
499000.000000	-175.981232
500000.000000	-175.964783
501000.000000	-168.824173
502000.000000	-167.702820
503000.000000	-175.118347
504000.000000	-180.659088
505000.000000	-186.385574
506000.000000	-192.379013
507000.000000	-196.642197
508000.000000	-200.369904
509000.000000	-204.819519
510000.000000	-211.738281
511000.000000	-219.621994
512000.000000	-228.945541
513000.000000	-240.046341
514000.000000	-252.686584
515000.000000	-265.753143
516000.000000	-277.730011
517000.000000	-290.338745
518000.000000	-303.145599
519000.000000	-318.839996
520000.000000	-337.441498
521000.000000	-350.805054
522000.000000	-352.982483
523000.000000	-352.564056
524000.000000	-344.626892
525000.000000	-336.904083
526000.000000	-327.055359
527000.000000	-318.552612
528000.000000	-312.709808
529000.000000	-309.664490
530000.000000	-308.855560
531000.000000	-310.591797
532000.000000	-312.848145
533000.000000	-314.878235
534000.000000	-312.962738
535000.000000	-307.707458
536000.000000	-301.594696
537000.000000	-297.446899
538000.000000	-293.938751
539000.000000	-290.225647
540000.000000	-286.414398
541000.000000	-282.763763
542000.000000	-277.968811
543000.000000	-270.688721
544000.000000	-265.326172
545000.000000	-261.277557
546000.000000	-257.814606
547000.000000	-255.950424
548000.000000	-253.880005
549000.000000	-250.437820
550000.000000	-247.460556
551000.000000	-244.940948
552000.000000	-246.054138
553000.000000	-246.779465
554000.000000	-246.333084
555000.000000	-246.449509
556000.000000	-250.038681
557000.000000	-259.604004
558000.000000	-272.857391
559000.000000	-285.708649
560000.000000	-295.850281
561000.000000	-304.871887
562000.000000	-312.711578
563000.000000	-320.165955
564000.000000	-328.395233
565000.000000	-336.608704
566000.000000	-343.832703
567000.000000	-348.672302
568000.000000	-353.273254
569000.000000	-358.025269
570000.000000	-360.822327
571000.000000	-363.016998
572000.000000	-362.427887
573000.000000	-361.506836
574000.000000	-360.896973
575000.000000	-364.313904
576000.000000	-363.837036
577000.000000	-353.433868
578000.000000	-347.246857
579000.000000	-351.089813
580000.000000	-373.983459
581000.000000	-403.539703
582000.000000	-482.929565
583000.000000	-582.561707
584000.000000	-663.927368
585000.000000	-722.949829
586000.000000	-765.953003
587000.000000	-806.707642
588000.000000	-859.339905
589000.000000	-908.539368
590000.000000	-942.508240
591000.000000	-972.850159
592000.000000	-997.889526
593000.000000	-1016.108215
594000.000000	-1040.965576
595000.000000	-1072.012451
596000.000000	-1101.120972
597000.000000	-1126.513184
598000.000000	-1147.768066
599000.000000	-1168.350586
600000.000000	-1192.530884
601000.000000	-1220.092773
602000.000000	-1249.338623
603000.000000	-1276.118042
604000.000000	-1296.262573
605000.000000	-1305.722412
606000.000000	-1319.691895
607000.000000	-1338.656860
608000.000000	-1360.303833
609000.000000	-1380.952271
610000.000000	-1395.398926
611000.000000	-1403.310669
612000.000000	-1411.202515
613000.000000	-1416.935425
614000.000000	-1421.427368
615000.000000	-1424.973145
616000.000000	-1427.410645
617000.000000	-1430.563721
618000.000000	-1430.176025
619000.000000	-1427.966431
620000.000000	-1426.495239
621000.000000	-1427.953735
622000.000000	-1434.198730
623000.000000	-1443.039551
624000.000000	-1451.486084
625000.000000	-1459.476685
626000.000000	-1468.774536
627000.000000	-1476.770630
628000.000000	-1486.086548
629000.000000	-1494.085693
630000.000000	-1499.974365
631000.000000	-1503.246338
632000.000000	-1503.371460
633000.000000	-1500.060181
634000.000000	-1495.482788
635000.000000	-1490.735107
636000.000000	-1485.983276
637000.000000	-1480.925049
638000.000000	-1476.755615
639000.000000	-1471.613403
640000.000000	-1466.751465
641000.000000	-1461.857422
642000.000000	-1457.098633
643000.000000	-1450.846680
644000.000000	-1438.705444
645000.000000	-1422.040283
646000.000000	-1409.745850
647000.000000	-1397.983154
648000.000000	-1391.015869
649000.000000	-1391.450928
650000.000000	-1394.226929
651000.000000	-1392.992676
652000.000000	-1389.908325
653000.000000	-1389.208740
654000.000000	-1391.940918
655000.000000	-1395.158691
656000.000000	-1393.621094
657000.000000	-1386.028931
658000.000000	-1375.082153
659000.000000	-1361.135132
660000.000000	-1347.151733
661000.000000	-1333.079956
662000.000000	-1320.861450
663000.000000	-1310.212769
664000.000000	-1301.564819
665000.000000	-1294.897583
666000.000000	-1291.111328
667000.000000	-1287.055298
668000.000000	-1284.838257
669000.000000	-1283.238647
670000.000000	-1284.056396
671000.000000	-1286.773438
672000.000000	-1288.989746
673000.000000	-1287.849976
674000.000000	-1281.313477
675000.000000	-1271.686035
676000.000000	-1261.033691
677000.000000	-1248.244263
678000.000000	-1233.909912
679000.000000	-1217.052124
680000.000000	-1201.257446
681000.000000	-1185.841797
682000.000000	-1170.189941
683000.000000	-1157.046387
684000.000000	-1145.801147
685000.000000	-1134.934326
686000.000000	-1124.134766
687000.000000	-1113.198242
688000.000000	-1101.261597
689000.000000	-1088.722534
690000.000000	-1075.051392
691000.000000	-1060.582764
692000.000000	-1043.871704
693000.000000	-1027.002930
694000.000000	-1007.858643
695000.000000	-984.054443
696000.000000	-958.942139
697000.000000	-940.978577
698000.000000	-933.011841
699000.000000	-926.538879
700000.000000	-919.177490

